Descriptives									
N	Mean	Std. Deviation	Std. Error	95% Confidence Interval for Mean		Minimum	Maximum
						Lower Bound	Upper Bound		
naturalness	1.00	24	3.2917	.90790	.18532	2.9083	3.6750	2.00	5.00
	2.00	24	3.4583	.88363	.18037	3.0852	3.8315	2.00	5.00
	3.00	24	3.4167	1.21285	.24757	2.9045	3.9288	1.00	5.00
	4.00	24	3.7083	1.04170	.21264	3.2685	4.1482	2.00	5.00
	Total	96	3.4688	1.01518	.10361	3.2631	3.6744	1.00	5.00
trustworthiness	1.00	24	3.9167	.82970	.16936	3.5663	4.2670	2.00	5.00
	2.00	24	3.2500	.79400	.16207	2.9147	3.5853	2.00	5.00
	3.00	24	3.2917	1.19707	.24435	2.7862	3.7971	1.00	5.00
	4.00	24	3.7500	1.18872	.24265	3.2480	4.2520	1.00	5.00
	Total	96	3.5521	1.04499	.10665	3.3403	3.7638	1.00	5.00
satisfaction	1.00	24	3.8750	.67967	.13874	3.5880	4.1620	2.00	5.00
	2.00	24	3.2500	.60792	.12409	2.9933	3.5067	2.00	4.00
	3.00	24	3.2500	1.11316	.22722	2.7800	3.7200	2.00	5.00
	4.00	24	4.3750	.76967	.15711	4.0500	4.7000	3.00	5.00
	Total	96	3.6875	.93260	.09518	3.4985	3.8765	2.00	5.00
believablity	1.00	24	4.1667	.48154	.09829	3.9633	4.3700	3.00	5.00
	2.00	24	3.1667	.63702	.13003	2.8977	3.4357	2.00	5.00
	3.00	24	3.5833	1.17646	.24014	3.0866	4.0801	2.00	5.00
	4.00	24	4.0000	.88465	.18058	3.6264	4.3736	2.00	5.00
	Total	96	3.7292	.91167	.09305	3.5444	3.9139	2.00	5.00



